90 45
29   54     159924
65   37     182948
49   51     125038
30   43     65471
52   41     182420
23   70     104606
86   1     29787
69   21     192698
50   40     27078
83   68     192304
9   59     125899
63   34     43298
53   46     128190
11   76     96633
14   38     97837
15   23     73037
83   72     180191
21   51     125782
39   11     169794
69   57     107835
63   66     63884
74   1     170421
33   55     149817
5   28     177835
58   43     136495
77   20     109558
25   65     190280
26   86     72073
10   87     102417
34   66     54484
89   2     30582
24   76     74283
45   71     1240
74   76     20139
89   7     29154
14   84     10706
14   19     69401
87   7     35028
30   17     16635
37   14     41302
63   65     17684
65   89     188032
69   6     79294
89   42     136010
10   3     87519
